Muhamed 3
Muhamed 8
Muhamed 9
Muhamed 9
Muhamed 10
Muhamed 10
Muhamed 10
Muhamed 10
Muhamed 10
Muhamed 11
0 1073741824
0 1073741824
0 1073741824
0 1073741824
0 1073741824
0 1073741824
0 1073741824
0 1073741824
0 1073741824
0 1073741824
0 1073741824
0 1073741824
0 1073741824
0 1073741824
0 1073741824
0 1073741824
0 1073741824
0 1073741824
0 1073741824
0 1073741824
0 1073741824
0 1073741824
0 1073741824
0 1073741824
0 1073741824
0 1073741824
0 1073741824
0 1073741824
0 1073741824
0 1073741824
0 1073741824
0 1073741824
0 1073741824
0 1073741824
0 1073741824
0 1073741824
0 1073741824
0 1073741824
0 1073741824
0 1073741824
